duration,packets,bytes
145.94683362000512,23.07967803472132,5474.481006374707
31.291225959108093,174.96744308060295,1732.018277442976
162.18246273578484,12.88873145201163,4482.741692605979
198.20869804450243,27.82321827907003,2904.2039167282046
286.3771585050356,22.18161834837016,5030.40278253456
80.26899486484263,174.96744308060295,1487.9065878353977
226.14177440177497,17.131499980307105,4980.516326191214
183.2107650354936,28.345107626446964,4792.326918909116
199.3251387631033,14.711445355220498,5658.035929682551
64.84190744018613,174.96744308060295,2650.8706446993992
555.7563523608588,36.6618051024399,9407.74956510397
192.0996050710505,17.8655946502629,4190.316499791866
68.27169252466499,167.8728419727862,2746.344284479761
165.59248274111383,31.262179026721544,5785.412389593275
549.2616919816913,52.03884437168816,7832.6644691828
500.0422367085278,46.01206748929115,6267.37422063975
164.89734530613237,18.36168926701116,4686.313477494274
491.4158284796617,44.477169258102776,6114.948617517801
51.13299849794214,174.96744308060295,1964.7506109704543
188.82686073370743,23.57000247046046,5378.590099658836
533.4718576710947,54.01598592946429,8780.540111043367
555.6430206052622,48.49102110743144,7647.239662802981
158.03912383886808,18.453938120743928,5265.010745122851
448.6814723821638,44.31922544673941,8960.49143027322
204.8838049274416,16.13495108072267,5019.608139407154
74.42067391050706,174.96744308060295,1886.757950575084
288.27271201405483,22.02490855480477,3991.292836531964
188.9517913085168,20.13442919497265,5166.706246358042
501.7972714249637,45.4711911517521,6583.024621629386
232.27420905705372,30.8162736165273,4753.7774120376
167.46787154390864,17.56437308117652,4526.084860608905
211.37299673020647,26.53571377141214,3714.013412351018
508.47155624921874,45.84412980472485,10371.728701418582
159.5753198553406,17.491214782077318,5732.321694161659
272.3488942176866,20.982773882557872,5825.475631574908
292.3318498023833,14.649576168369236,3779.579863260209
438.46861201701614,30.600968988911355,8995.369810318098
242.88298116010097,19.200307350182864,4984.787033677849
178.99065914520713,18.591076955697464,3924.439591172578
320.17077926191376,19.71190601483208,5160.879237371974
263.34555745933113,16.461652671906094,5355.055542516982
161.83704217287416,10.975589496677404,3697.96604969347
75.93989093122218,174.96744308060295,1500.3488838525443
211.7807279054283,23.854325969434832,3817.131003376128
158.55024945389638,17.199094799015153,5597.834884098609
479.2963149866318,55.986471705047165,8673.103337529486
138.89360955540275,23.56499215086194,4807.739681473492
549.7765715234722,28.611668822192307,9246.934144904322
61.16653825043445,174.96744308060295,2269.3779962231847
186.5296582777721,23.58771127897981,6201.885641676822
129.23146289747928,17.896773386173205,4725.828386778584
191.64409598415727,20.733568432166614,5965.207173206685
404.4859994880756,41.429430947637066,10079.017999382111
224.83570765056163,19.308678494144075,5518.150830480554
417.6502793454343,26.473297141564657,6173.168976538531
518.4056607353122,44.97743089091394,8799.109102465354
40.22301156427452,155.21530266843956,2070.443123455602
169.93161780243932,21.59890967071269,3725.605013174664
166.15389998470206,23.05838144420434,5824.79961799676
155.80712818994334,20.76862552972764,5046.5669747568
82.79929058742786,174.96744308060295,2037.7168194507965
240.6262911197099,26.781200142854114,4942.391902735733
224.66589504404448,20.92418061847437,4313.313775855029
37.12900335365076,174.96744308060295,1832.6123339467288
411.08336344503743,42.46504778432005,8597.866098196142
41.1343549761698,164.60789143892396,1913.5269700382885
174.1355774949814,27.0467372009279,6839.1184988954
28.15374470654842,174.96744308060295,2606.548849989592
33.44819558702561,174.96744308060295,1463.9304940071966
246.9141902987999,17.41977635891313,5076.896621552787
26.41920417680395,174.96744308060295,1767.6913513508034
199.8198730454716,14.208176554037289,6202.71864141372
542.760451878444,48.87655425873836,7615.19884933137
538.1086215484976,45.054701591666266,9272.251888998657
26.248031619409744,174.96744308060295,2316.8884404660494
177.7248739299614,27.266922385588504,6263.65771658457
577.5565760421389,44.27194361871685,7224.527228187437
524.6440431603282,36.08351432578209,8322.952329494128
191.9357144166996,22.02025428407269,6508.948720968424
553.8288988773456,45.91814133741378,7575.151146870771
123.29429146321888,26.388384109492545,5265.851209583673
165.9987639210755,21.161268485805017,5234.457978638945
36.61854522680167,174.96744308060295,1697.192230131568
69.27758233589819,174.96744308060295,1721.2541074960832
473.7105219400812,46.03187431082343,7347.063197462969
217.1362673188852,22.28376609576892,5455.813824185763
273.2824384460777,18.871118497567323,5054.022563750339
258.38910308299035,21.272104216506065,5270.082129660162
504.7946104213063,42.77376937958192,9632.79031500638
107.95628843341774,13.602115166321491,4500.145137843457
462.847659015249,44.62060893251896,8940.068611139115
49.61160788224535,174.96744308060295,2399.970950971025
241.1585291980957,20.36658983594202,3968.0312802071567
51.768137725836944,174.96744308060295,1429.1554429332475
67.66219554294318,174.96744308060295,1909.7600432046872
50.48438913345516,174.96744308060295,1960.1793043771424
22.662426031691577,174.96744308060295,1414.9434869703202
60.76592158099266,174.96744308060295,1817.5236352285567
168.81155196520973,29.57015676933393,4847.454079389323
56.383490208383606,174.96744308060295,1062.4137651771275
383.90594479587526,39.87911052153945,6497.127866704257
242.0321774494362,16.736880103488044,4643.0532534281765
131.11653160214544,15.310874800424386,5412.028213766927
57.01260198547119,174.96744308060295,2317.360734280885
280.68556345293234,22.2676715075699,4804.674691767481
45.02617747632906,174.96744308060295,2245.487475819126
168.13064363467413,25.94508265553776,6136.403398391884
234.9111656806795,21.967426927108747,5716.154576022186
173.51198981164805,22.56633716556678,5077.662039478432
49.57265411303128,170.11153283408706,787.8798698635292
199.018110053666,22.762449772085738,5179.13130725173
463.7401272781589,54.524675344707454,8392.093717522785
507.092607276915,41.97315707405596,7258.81772547878
554.417288436036,51.92507512477975,5865.69489919218
56.461585462320585,174.96744308060295,1854.094365542228
198.7222964504277,25.86364509629682,5434.880123675546
52.46409613568972,174.96744308060295,2021.801223186227
36.63819092713902,174.96744308060295,1912.520121652296
204.98256825438207,17.482621729419005,3759.469255147094
452.1991844246687,54.22369861698508,10086.679596557096
489.7169990848855,21.18150954502361,7341.530110710846
236.08360320216173,14.354741143913854,4580.383786976181
210.7046872065102,13.77130610644006,5138.544740680945
77.80415098034626,174.96744308060295,2005.1763099216903
173.86384897404804,25.245046129184445,4436.525047565792
66.81240053009105,174.96744308060295,1880.533950415153
177.9977756651508,20.65370288643045,6153.018631252892
484.7968771998805,36.42554577189573,7783.529981885111
158.72514016037442,18.393070791735035,5330.345163420499
465.6604463761071,45.8855326977072,6082.250777739503
50.97720140651408,174.96744308060295,1649.0041560966224
6.546609079719275,174.96744308060295,1732.3359070230383
194.3835975154585,18.895152002333884,5491.3333600347405
42.16483701912356,163.10359262005989,2807.687844734721
218.43366544364503,18.0333059383632,5022.995858347854
444.4229495128753,35.90717561886896,7371.093922478489
445.9433536670711,40.34152417488025,6695.304873364637
55.665757430922845,174.96744308060295,2293.346900737637
43.61892128666764,168.15896572786045,2538.003569299299
252.92122434247932,11.206302567884428,4053.39318986738
484.8703687378373,49.2165011192446,7846.9410555469585
45.73114258139584,174.96744308060295,2074.333728601056
37.54701276531096,174.96744308060295,1628.764707150976
219.09677261157768,22.150208235955347,5824.226763225473
36.918486337451526,126.77468412574171,2255.6012997624903
68.38152965975537,174.96744308060295,2133.696157035952
243.61603183603395,20.91671002869176,6751.842346574138
65.56722152333276,174.96744308060295,1590.9005582888465
644.3478487829394,38.09096208272701,8863.709530577818
122.17090506701244,17.859424195170437,6200.607832507449
238.58493553241723,5.757286896849623,5919.012560297682
202.27859199519068,16.741998261970913,6715.15527146026
205.46973973024464,23.62883311949346,5384.80738538937
67.2094697671949,174.96744308060295,1916.4391431067943
60.82925456409576,174.96744308060295,1711.7447996366402
171.2181086881113,20.610049073226808,7048.067630615036
447.35068087397946,36.96273971223335,6384.954891832142
120.27861706028165,17.003124885231134,5004.194959774546
187.7128467957028,18.63638215126165,2842.490685646743
246.30887737658207,29.54708320235065,3881.145940944687
169.96806550405975,18.54153125103361,4518.634710216483
156.9793317358024,18.077222278850872,5805.034247371553
28.752129437062408,174.96744308060295,1906.4278674977256
434.206405409424,51.21030667324472,8000.248477901837
30.89754841301294,174.96744308060295,3031.262459621573
247.5211919093025,17.115481721687985,4281.268262921314
200.6964645956473,19.879374564449986,5158.467808614284
38.71504802685223,174.96744308060295,2771.054976283938
234.0945744813156,29.23353662868017,5467.142548260771
220.67174516118504,29.38397906279033,4380.968640717141
71.71791131663156,174.96744308060295,1987.486520627428
204.8497982496359,22.97578512718457,4345.423453413222
83.55401628152882,174.96744308060295,2284.4915395926378
127.5993049791878,9.005970216899591,5352.011560042666
237.8494308322676,15.389173379111874,5695.684736084528
279.65933133196984,17.443921617844076,4208.316143793136
51.14026249794169,174.96744308060295,2764.234213206266
229.34285469001352,30.95227812904989,4207.57093989545
484.4073375717856,51.337700968670646,8712.268066737035
115.35215929023072,19.50830186602625,4209.127114279266
570.950991207784,35.792382063189464,4874.943372047439
47.91101562925057,174.96744308060295,2035.0260815565907
588.0767707998857,59.583474542205934,6524.5404866571
232.1361379933772,26.64576265066216,5157.2169357611765
576.2509307130596,42.87124165201824,7265.075150431475
18.749082862269148,174.96744308060295,2397.132339810913
160.83733538318813,18.38969241897162,5650.813773895736
326.3466212936811,17.345656135398396,4608.448445985422
45.57492752828456,174.96744308060295,2153.7033489045502
76.41777499363553,16.015523722647615,5461.657701744432
196.7930826703504,21.6438120515174,5257.0857723602185
37.76461818189429,174.96744308060295,1785.34888774137
53.88768603154672,174.96744308060295,2169.2419217308457
172.7540456595525,21.99568057176036,4969.892238060122
577.1881306477966,56.15582823548232,6518.781353744093
229.7377170832643,24.26707779390154,5607.142871829412
74.76566142867271,174.96744308060295,2154.416506299482
34.28021078984101,146.75068185768887,1081.8973134483515
244.9799937716625,21.536497604383047,5650.289695071168
551.0440881152606,45.00844474944457,5838.730719016714
209.0933127529248,21.24110293150168,4632.511280367805
187.73059419985648,16.23131917821255,4288.388456299581
554.3498626365202,28.51205964841344,8799.575001091054
404.5090534594816,49.191541736100014,9200.698781651574
181.8779529298434,14.40165052686928,3964.2548194232754
329.1460628817043,71.37748533659993,9267.268170879262
158.88898022167842,21.218436057459563,5195.973256886979
21.873650726563323,174.96744308060295,1247.6398129844988
412.72268558278415,35.891857120454155,6673.1543978168775
497.88753944328585,42.80161158819607,7028.475776094025
42.417445180250255,174.96744308060295,1709.1595430256782
167.42909981927758,17.58057082972839,4743.722153444543
570.5866449858727,35.4790966716692,7435.949422688598
350.6768038911507,50.07513689836922,7178.444209087995
64.73687794184866,174.96744308060295,2033.495358612436
52.67081809564564,174.96744308060295,2354.054338344295
471.21850833687313,26.739523139179617,7503.841806652069
56.46335428369563,174.96744308060295,1766.9817490658788
205.711382433102,20.75150880730939,4709.110230228916
251.128521600482,32.19876203169636,6107.418254808415
162.0433669223151,20.75196893238104,5273.404780621728
182.86562029598247,18.142795670021044,3873.990644225743
567.115240037569,33.82746813453077,7330.037895264763
95.9035296058139,28.48228184145019,5168.813973762095
177.38468403754615,7.880603366855217,3732.877741211421
146.88481431369476,22.36796215317591,4264.460612612957
224.70150931413696,21.30336882911953,4559.755876923664
506.82545140520193,31.917342783590737,7003.466712132122
212.8775195361382,19.627770421169163,3464.983027760767
19.486873708598104,174.96744308060295,1724.0709270537766
530.1127620878013,30.97948445642489,6956.404302470367
260.06069610819725,17.959623134892244,3369.500371857717
279.7252531612486,15.76519325840836,4206.886120434954
203.8684153823809,15.69357899335868,6218.499261815726
169.4241098504026,12.966694515758888,4261.413403111276
209.5549534009952,20.232182740780743,3912.1150872160647
461.90233011642727,48.74389180712728,8315.07359480231
208.3226104106528,22.462256320040744,5231.334915126255
210.14615104256492,12.42127942501384,6238.004161064049
43.54640322315728,174.96744308060295,2664.097070924529
174.30665413316532,14.70393239055524,4949.856722181463
49.878581769202135,174.96744308060295,2040.9146792737824
188.05259765667952,15.462181689792011,4538.582935545333
151.20633735113336,25.2682089830392,4240.480888934446
473.76842267896654,41.551906838589794,8990.117917601161
38.389531003905546,174.96744308060295,2834.952252175703
235.54799841017456,22.2213165574302,4711.2270673447365
667.8761691586324,47.84604287898024,7976.887544318726
208.994707557674,26.960011431723,5734.6532848018505
303.76304363126326,16.55406090955216,6388.771042532199
217.88936801741417,22.80392263184117,5866.440994540221
455.9570520406733,27.792875740858413,7390.231762823227
46.29424682244584,174.96744308060295,2021.9057359895548
481.2784112714415,44.66358374446335,9184.801419906922
187.04789270896484,19.01825075457511,4942.718992468749
203.9317595158045,10.00899657733946,5733.062139761985
59.11775544163216,174.96744308060295,1678.2408848099285
174.11943504819143,21.118939758194493,4986.861683141799
225.8829510234561,16.371280934232672,5149.413411581662
228.8278481527883,21.55625077271768,7463.10464676419
47.34732507234853,161.01882781317434,2553.5403346434864
52.26540821075529,142.46888086730533,2459.6144672876017
87.4659555243509,174.96744308060295,1776.3390521706244
213.57894185976863,13.616257120898451,4135.15476767339
481.7120067727985,30.05650625391488,4925.199609445627
83.45144773675406,174.96744308060295,1647.4940721207956
549.7257511884841,36.30389663956366,8452.520472682623
225.7523843153024,39.26365745327361,5456.712408554534
218.0818012523817,16.77440122697438,5289.116484406732
426.25121494997495,29.96042627918501,8248.720795278732
164.2348145370016,23.39798874467338,4415.70669462629
216.3066511121059,13.744432118073483,5739.221615365521
408.5019034143471,41.085597057765234,7960.124011226647
327.7325664103005,50.97152711753696,7425.395052789915
197.99210246778284,12.84612448940976,5102.483531928631
478.8388126951512,19.961376355932465,8762.501636251072
31.45293731618852,174.96744308060295,2487.5988148912147
219.961156130264,23.235979698513702,4613.450830160501
373.5047438374293,48.950383140761154,7420.326737979873
475.3572572651407,47.7966053226934,9572.37049534353
47.23088032032452,151.02807054842538,1895.4883713569875
164.3577108661418,20.532151138459483,4796.018226063316
151.26591648863393,23.93542301871226,5926.876463205923
98.74287066711965,20.93227157384714,4470.570828185289
445.9857380020495,38.55481329284482,7049.096094800047
178.27518862838423,18.4541393826568,5177.707017306971
10.12528714857089,174.96744308060295,2613.8344962366464
576.2500036300869,45.13085420097293,8870.114944217596
58.07460180673219,174.96744308060295,1548.149069634936
73.93143003328983,174.96744308060295,1986.347730245034
175.61968879637533,17.837209060901895,5315.561713902637
35.28940114820467,174.96744308060295,2545.6550602971347
65.32160556769381,174.96744308060295,1949.922961760024
284.3570817536282,24.408198784747253,4993.621886946706
164.07778893737822,18.932764241440765,5248.726052478403
236.381477181849,20.259729429036497,5586.112061772464
193.60412042596167,15.222297796997871,3714.842943793942
465.0624211167524,39.338673853741774,10519.666146999818
474.4121981396125,41.51757992248741,6997.8285180439725
58.57633000661146,174.96744308060295,2088.2207776386126
212.0981135783017,10.43359877671101,3620.065733989574
51.35711021054807,174.96744308060295,2242.366408647237
134.77652497475734,23.3483627441502,5293.278596877479
111.06398755478608,27.480221557445915,5523.492525083246
513.4923737573382,44.41940649569409,6691.521107068585
497.8782992600752,31.18125348772282,7804.319643267483
652.0952548602406,39.39339186185379,7149.911879707444
46.34207117790319,174.96744308060295,1677.0179104377323
284.1963845728934,17.7055786856553,5862.944666745037
210.44317975023776,10.201649380601122,3937.451160881256
342.39169458305315,48.92597338299309,6546.593684863063
544.4483572802759,40.895806812552486,7763.193895631209
63.257625373348255,174.96744308060295,2090.5107793518537
148.13769228367718,19.04830660958196,4299.505397292194
37.7319467291812,174.96744308060295,1805.9115907293856
508.1485036209589,55.49020151495188,6513.071509215319
499.5523184936763,46.687416555925125,6689.958948632822
46.7973440886672,174.96744308060295,2106.5983141188444
474.9553575581476,39.99291405423354,6499.510719236339
371.3871178305553,41.847405788957246,10428.327463075568
252.4776357659668,17.32382394219716,6053.9152525074605
503.2735340316577,29.97812544218528,8888.98921450415
521.2289879519702,34.17241342388418,5073.419410068285
253.3337344794577,25.84647795222836,6105.7271928300215
552.7396534745924,49.37570137626558,6070.928162757231
213.998431315991,14.372554763508116,6956.601583693461
196.1449145292948,21.70575987408322,5221.352639464015
289.88432634247613,23.20421430633505,4543.056808173763
253.6815874929886,14.8674235029447,5106.375739317501
54.011383944618856,174.96744308060295,1492.0890905108015
21.94789456400613,174.96744308060295,1378.068382304357
60.73019687140807,164.0612807283585,2014.090578684564
604.3472194302522,23.375080119643258,9239.05544520999
187.371592430342,13.761084090175752,6305.929043145308
60.27200213139433,174.96744308060295,1415.041582144856
49.44970189898727,174.96744308060295,2830.629607273935
196.69601006763412,13.944919001187715,4478.531113758273
216.3463686882081,18.90449735595568,5663.524464946791
67.45150958034941,25.45753425961231,5996.868153998104
60.26211596352165,174.96744308060295,2369.405240443752
269.9677718293001,24.623168414563843,5047.70429593614
202.7862456144348,25.470957592354743,3646.028296228144
231.62038695277604,24.86277224813365,5497.447969773757
232.2687974792574,26.843157787661745,4228.061231535917
26.08233875929632,174.96744308060295,2598.3157433228257
29.993373507888503,172.89020117900594,2256.9539248294577
272.5571803897521,24.796354130426035,6722.545966009246
626.4432549254699,29.84905808172132,7026.970986547594
69.92095371611633,169.72819645722157,1289.094666629078
241.51679082721228,15.719580870455664,5057.252989775514
220.4126377857236,11.487081978810798,5823.324509860515
213.3525132934629,24.448153978117183,5065.82719142034
185.1218248320004,26.878534066558096,4879.955530373979
590.0840200617735,39.48606276411514,5872.361038151743
37.95575879276439,174.96744308060295,1500.8072804058545
555.9062736162027,44.2097294438939,8590.422617591359
348.5108266436972,42.13293707372939,8001.446570434669
553.638449379297,29.281427669598443,6135.489480780723
534.0709764954429,40.19147777415752,7230.215709146829
512.788511359792,29.72324859074042,9518.84940903764
516.7727532219701,35.08363814367953,8968.547115964773
492.1129494172591,40.18849622944848,8849.857307907869
459.6656135193863,39.18477326898354,8417.211780246003
51.28948829620241,120.98133734584516,1530.3323030906229
150.71369768322282,22.520232577589223,4575.793905302047
37.01444909867986,151.04238932950977,2017.041734129613
149.35844398327882,21.571236662976368,4273.580739583032
204.35235341190847,18.504963247670663,5073.408621228402
133.9883396489679,29.15729382927177,5943.552096577029
75.02971425632134,31.45471286295371,3888.342026589123
255.40914083687585,14.800470364372345,5490.219124050056
217.18091447842303,11.18479922318633,5259.267175515836
35.63185468861605,174.96744308060295,1852.525160853986
114.34327354545611,26.769361870827066,4908.368123797905
42.55586447857894,174.96744308060295,2942.2931529673046
206.01478158559493,22.572194170293745,5569.291902471112
176.0412881077355,19.07170511668092,4114.932020795178
188.4532734895661,23.48103182406709,6479.164875956276
613.8198508879952,49.26215402241593,9158.476981509404
27.93266787652253,113.88437628190069,2194.289302265482
55.871158643332585,145.7367278150638,2233.214991216764
404.84704857061377,56.426729532559634,6919.255118422558
195.5132152856387,27.200586077247365,4458.886158352584
176.40340671052832,25.444752984836832,5051.4240152763705
