y
-0.0178240079025576
0.7841898436409758
4.928946320350951
0.219755370397438
0.0695163410723342
0.1402345484621796
-0.0602207391178577
5.194129933503811
0.0042007683265518
0.6715528605143022
-0.3225431742379303
-0.0498072079112756
-0.0111095397793237
6.261250531233856
0.7812708498382948
-0.1128157261473456
-0.2803702125584562
-0.1110954238320509
0.2028740130036261
-0.281492754875311
-0.0931459507140513
6.617005949576697
6.243953197908501
5.075766855731696
1.3241402169219296
6.557691060725125
-0.0986001869317665
0.2883137241315801
5.399576434261295
1.338937659765454
5.951347648429548
0.0118436868028976
-0.1794508742971663
-0.3337168147755179
-0.1124933551788535
5.1088077745847125
-0.332304012453792
5.896778247067504
0.9120570937838316
-0.0279179256310347
1.3365906756349792
0.1503866065373548
7.238946352939437
5.018834468860319
-0.0469174266750293
-0.1956745555230064
5.629988970117872
0.0135036962820217
-0.0968468145732502
6.645215585950057
-0.0095422712283959
-0.0562200585771909
-0.0284758970042587
5.818775826781897
4.292642042407053
0.4483958171391584
-0.0427977688451017
-0.108684954226753
-0.0311354470784158
0.1221171490567646
-0.1183142777671659
0.350958836396873
0.906514348507277
5.171502975219754
5.338017822203391
-0.2475630997653698
4.66968637426101
6.408652811480671
0.1583325387925871
0.5480461792676051
2.072574563886694
0.0751396036691344
1.9694644995291424
1.2962634746005914
0.7822568147150784
7.661470165728018
1.4167644808044624
0.2234591663176255
6.686318456956701
0.8253416019409012
-0.2880101765188589
1.949940967447608
4.55035478030147
1.2931820093775466
-0.1385819190521308
0.1313107217267659
0.2690840092309955
0.3589115727035575
0.8001819071926988
0.0764819492368101
-0.0198351727558765
5.7333476707655855
0.1731510388340243
1.271649014518194
0.2094196605224309
-0.2286009825460967
0.0558043051540678
0.2114244452437831
1.1628981582910831
-0.0294114763004277
0.0803423444197883
0.0468429465073041
5.383638591960523
1.5953231373931709
-0.0260286108735369
1.8553066862909624
-0.0652047064335682
-0.1508551700038716
-0.0987513166322625
1.5699392805645227
0.005951227899149
6.260321838771221
6.250200206251694
5.339678860526553
0.119595594009612
0.6359985293854328
0.5134655295592223
-0.1020032797709494
6.407052287124535
1.6574572267920238
