duration,packets,bytes
219.20327244696537,19.83652625952953,3346.046319968099
74.34317041650993,174.96744308060295,2499.15544907398
534.9390841386808,44.042947549616976,9482.938630186583
227.3548690585019,18.98903673783053,4825.855037418224
208.54327190639708,19.080083318236603,5014.747146452314
259.47352444623203,13.86196092431504,5477.920055879887
236.9233289997705,20.85684140594985,4907.481374089408
455.02655787373584,37.90778126255472,5979.87416933486
241.27081744940148,24.0675481800032,6044.383045723464
23.05747420940607,161.13543845957395,2600.2069539722124
315.73292833367543,10.66367403704126,5549.008152299611
124.2404468900724,26.834371337222624,6315.974170801027
281.4307772785646,13.099492708925542,3637.294048515876
554.6855458560382,26.34044288799465,9454.33278246368
47.58103702784437,174.96744308060295,1556.25391109895
148.93835914346434,23.541782236496765,5195.040571016959
239.5515973521524,15.453062726026303,6122.235448748879
168.1130007874342,17.345015224990913,4501.4875788601885
212.80148671569376,24.91345491972757,6332.379555570062
176.44808471908385,21.16024968678818,3841.5325268021406
176.52628070325238,22.712800217929825,4629.26584575003
555.4783129531195,36.0798736008087,9271.923660855946
513.1808672989214,40.50887701856018,8208.00999724449
502.6237596329269,32.41504665299931,7723.51914295308
47.31965666654165,174.96744308060295,1607.55084345888
469.984289574085,36.82284903243766,9537.972554004522
214.04959338675164,16.88650240089703,4833.502199714179
241.7846056032571,14.35146572671191,5423.843342332226
448.050156934286,53.21304032273012,9703.523605416363
53.79163233197487,174.96744308060295,648.3838535003815
422.8992859031511,30.42849085104957,8412.545457859862
186.55556547225848,14.467370456291649,7058.687842599888
231.20599085260773,23.1417275463214,4990.2025817224685
230.67589863652083,14.886037174007972,4794.098770061324
168.65164711061163,29.062242789984644,5566.20154836438
628.977650260434,48.96839315865532,7677.763222513001
212.98612508607408,15.478416874477958,5510.873967021899
568.0718369734377,38.62628211600603,8468.557819914668
45.078750237401024,166.27013618735234,3085.471358748907
249.9005054929826,5.518723109031553,6670.699763824582
65.06683242209066,174.96744308060295,2644.876377041373
198.26441151473784,14.15660981190234,5914.2582516120165
258.43902753433395,41.83849544753695,10160.613417813023
361.9354616967522,33.22435347664345,9432.931283656846
214.8060138532288,21.305276360899448,5004.090765313968
173.01201598453193,16.108476372988438,5156.676204078145
465.0891287578745,38.90390196074169,7893.964448953598
277.55759877612616,20.578373171464293,5943.437747251061
306.10780985063167,25.162326302755734,3784.504027236789
495.6084799506971,42.85554074857657,8625.346914055206
239.2900079325416,22.127287808924823,4226.419085496629
187.64113087397016,16.590078760011007,4198.703992084068
177.4967264260378,23.11424966173749,4145.903656493924
471.33278783830224,33.52458194364841,8893.030365799925
449.6589285045769,55.33727709916499,7357.038244337243
29.103816119579328,121.34573642495992,3028.103564970161
277.52502464070386,15.008229796306043,5787.457918781267
171.31689965598818,17.26570529379804,4973.797383827201
218.55729366856545,16.980074066420897,5069.27182997832
208.88505004666268,13.323278206449494,5304.158280804771
198.95492030179253,20.58663691654391,6022.13191663074
122.16854132380482,23.0300497567282,3975.656518002974
28.69772673849255,174.96744308060295,1695.2438989203583
482.1438196292156,54.89863438602082,6078.915225828181
661.9447698629482,26.36825995407189,8227.647401132475
205.6758672625624,23.31065337260524,6268.813452916282
629.37700599749,41.04355937523213,6921.459142012246
470.4578288603037,41.43388467342251,5868.517720522016
149.6991309250149,13.92905693606134,5926.488698800054
53.38721648072156,143.4514201238008,1944.38696932565
36.53018751512264,174.96744308060295,1582.3264733701212
172.78086377374086,20.55461294854933,4079.205138062158
67.42594594914488,146.16081279013005,2063.189789773206
91.23007153272796,174.96744308060295,2512.031262905731
56.63960661138029,174.96744308060295,2354.72590856952
491.7396191880762,23.56811188845833,7788.974714681514
54.67571823581496,137.76417415185492,2165.4401161072287
137.4230287904778,27.218823020366298,4934.279057285945
501.1418454269148,30.460605806033552,7511.556424487863
57.345746268026815,174.96744308060295,1888.267008814074
191.3464087858065,20.07789523790733,4122.979930483839
58.19637313857025,174.96744308060295,2336.2868506013656
380.27765959279367,33.49976065593102,7899.874436251567
57.99375903505283,173.94572424832683,1735.6916591251215
170.5317621527894,24.248010485105123,5285.612388772038
293.28872555723785,22.36916460455894,4046.957202237881
160.4762772277344,22.35734178567997,6505.619597180027
131.03403859927363,16.345349800290403,4973.498421700962
64.44762715655543,174.96744308060295,2863.4819256167025
197.5268145173784,23.37409746083302,4101.822382750161
135.9847800664553,24.36228664140072,5520.160942366929
323.05104709363945,55.33433701296325,6291.251417059826
160.37396307836497,19.426317792665504,5403.989823184365
52.50449005295815,174.96744308060295,2061.148751516142
138.71171684988295,12.6781255989509,5179.561454847978
255.2762966478992,25.9351515278019,5510.984177623348
212.46918418553776,27.88726639881737,4923.763574090438
126.07390048162864,16.400778958026457,4631.48898323217
73.74772103129501,174.96744308060295,2289.816586606788
203.7902279096863,16.61419144243944,5780.095786734201
225.96732571205865,27.66369456501289,4912.991881234514
149.7929616623966,16.161012174479357,4972.252090090575
501.6709190636769,42.30700905718683,6487.802281792903
53.211479620997295,174.96744308060295,2218.469084873175
234.0976485647482,18.44866621703272,5259.333081990753
28.92635161707292,157.28788313683228,2475.153795986788
214.48874284482065,30.377003993227195,5696.899762745354
281.6715766150548,14.26827303490656,5242.108372191226
203.8410945530128,13.585038879057151,5797.013455557712
53.36921952539229,174.96744308060295,1496.7287173601794
198.0222423071673,23.40750348686312,5022.654700904369
611.3972240051463,37.49953485401047,8346.432355135828
584.1558094178334,30.01939372685587,7539.234473657178
540.0532577104967,40.4977368718096,8008.475790353812
54.49369451503772,174.96744308060295,1290.817133533484
62.38308522010396,174.96744308060295,2010.396853837704
49.69380301654009,174.96744308060295,2059.7901842070764
223.9489912873196,21.66831052643474,5830.031955406319
589.929017598881,49.475264621228575,7072.546798611669
47.251029707446165,174.96744308060295,2806.1391289943226
