y
0.0754423750129041
5.349997419176541
7.070150238316428
7.674492433347537
6.575205016106566
0.0388179985796615
0.1502774246743578
-0.1306658465147424
1.3594766553325337
6.097983153470896
0.6239217972047084
0.6960890064527838
1.091679959889578
0.0415375374326222
7.448499229892926
-0.2395755785177697
0.0163748278772645
0.1534869458305817
1.6093809258486584
5.713995778119889
0.1241344195101356
0.1141197337186318
6.239246864111149
1.183682753408089
1.4671599556196369
-0.1036540436547294
-0.1596594489076907
0.5440338333179238
0.376231413888118
0.4541385715608792
0.2019634178685268
5.451712703509399
0.0954081654446243
5.012820472848816
0.1712797588646945
-0.3152784313968499
0.0427959821468444
0.0692896418993951
0.1265863635511021
-0.0449266299994049
0.0603094684667225
0.8454417678987494
6.35561334878566
0.0791607066874818
-0.1654461887104646
-0.2048775282668579
0.354160127127102
6.006422269810938
5.8168033812796125
5.527909422302873
0.9391262458083582
-0.1051510043361522
5.07048913980759
0.6971425384983307
1.4776526042852554
0.1517938440986534
4.25146802676182
6.508725023229934
0.4153495967121682
4.497029671604847
0.895338161424067
-0.0879462116548349
4.230924095110882
0.1014548062214595
6.01961665769399
7.374438093170817
0.2543110189988317
0.5948737814928096
-0.077062719372352
0.1196186204220911
0.6611423151239469
0.0754600986089704
1.5742228545983774
0.148652818804543
0.4951346476450312
0.0704110793028593
-0.0561350153733548
0.1176634412969153
0.3352874624550566
0.072992200493245
0.1943141901908711
0.0918360158456873
0.096494483048637
1.8195584027220333
0.0924206948526541
-0.0100476218898273
6.862393472382759
5.611481546911114
0.3793585965307895
-0.2640913226168552
0.0025184801563589
-0.2668050989836409
1.092340152932454
0.066891357997405
-0.460384232947117
1.81233922923478
