y
-0.061909287862798
1.4040288991405725
-0.216309600722879
0.1643805008750447
0.0240062653436522
1.927046283167094
0.4284540717223727
-0.3006285906236212
-0.2441687299942044
1.7807555983634265
6.369642192198094
-0.3309713343731539
0.8644381994787156
-0.0649662767017244
5.549810735148588
3.703819046862762
-0.2927029896264237
4.873232531090195
1.2432508219131009
-0.0145657825313745
4.496919698240182
5.928400748141933
0.1951090254244718
6.754291329813574
0.0995996582490899
0.5202803816382602
0.1835723894109552
-0.4083469736848581
7.114321694668872
0.0438300655327877
-0.1727981539359632
0.0369267717064608
4.435758388288948
0.0657502219319369
-0.2971120746073944
-0.1383816139762489
5.8061738612271965
-0.2005058729275617
-0.1837303892968396
0.2101308792015224
0.1549268106858673
0.0096169893322764
0.7476125393858912
0.2287508086413858
0.1220740530866929
5.704519681970839
-0.0749641615099195
5.92423571346454
0.5396632034603168
0.014818956083955
-0.1604554538443238
-0.1633871341974472
8.231300146192632
0.3046059712816051
7.112688374989926
6.421586610614456
0.1157803172185741
0.0880949475920798
0.1862560238232397
-0.2285940595661246
0.1990170940514157
0.2007065795784048
0.1400619758817982
0.7981757683790016
7.140149038521266
1.855854240071172
-0.0725677120879318
1.0708584568199524
-0.4606752417473037
-0.0924550577410085
1.1005798279364196
0.1754724581151343
7.795211355912322
8.759660038911077
1.2068995487257492
-0.1045720054306536
7.775310892609512
5.656807724502589
0.0349155625663677
5.426398227103099
-0.1496973073113107
-0.1428702836052735
1.913004856773468
0.3150985102104611
5.837207093927706
0.089541712003463
-0.2849496372426913
-0.0823753932244934
4.691179600880888
0.0052182100421667
5.748461113955504
0.191844695781706
-0.2590157544127232
0.903170270360141
2.59655378392243
1.226185898124867
0.0990097812099901
0.5803951663304968
0.0434865746359445
1.057513039573709
6.363631882624968
-0.3779081461891062
0.1027571901824417
1.5548499209781117
0.1928174336576714
1.3674388930249086
-0.1141492587498952
0.1270343603363939
0.1937289981065778
1.4420226981805249
0.2728280859947689
6.300474359610829
5.683927143972951
6.319651825918977
0.2184045956516714
-0.0741228664172212
1.8475255202153769
0.6221274202535776
0.0137125949612054
6.978858050781795
6.092844901141115
0.0978749122455836
0.0770634759457673
0.3440818838249202
-0.2816922592727119
0.8165877940926562
-0.2871724302358879
7.37284847467653
-0.1127449105607949
6.462172666081943
0.6685495412245259
0.9547333588479197
0.151501542009461
0.83883976539433
0.2556903725214597
6.152354872033722
4.914174871114815
0.7625481716887378
1.0106558243359711
-0.4078464355520201
7.511154930247347
0.8314570144409803
0.3399887443896471
0.0477578318053027
1.6868292725814789
1.1608489030980067
-0.1616596570710303
0.998312771294524
4.706727042128836
0.1700443484226985
-0.3479427557556199
0.1267838044636022
0.0447768048558262
1.14128997524415
-0.2955211460724549
-0.0192119799449299
5.180742140278502
0.0093961187529484
-0.0108589733035624
0.1125938473381141
0.3704556369017875
-0.1153783739046297
1.4928649978399315
5.990699678861386
0.4662335428728635
0.0983838343013011
-0.0288720823847884
2.003046444079561
-0.0718584181574119
-0.2489309406622834
1.4088831496001435
0.418477455137092
1.814198311564269
-0.1004108448705222
0.2711275717609901
-0.0251573840199296
1.253917878144812
-0.1132595459205543
3.05961136533572
-0.2207178634431542
6.198948146796495
1.5809391513040951
6.496699223236522
0.1418007515177024
6.361503525206102
0.3728552884153753
-0.246172863286791
0.2088321754138144
1.4078686062696484
-0.0406090772085985
0.0843841508470569
0.653789510063072
0.8522992949304853
0.2206603764033043
5.407535740847106
0.0562382847938751
1.851107472317619
1.253995663456272
0.1259257683847224
5.457326200265978
-0.1699688738929583
-0.1631620569930876
6.462591292853952
5.329379790923355
0.2321653574757038
6.223238914129159
-0.1013886350742259
1.3800279818448014
5.785078969711265
6.424061044464089
0.4926216346535665
0.0848331892803832
6.265878229652048
6.790625599162769
1.2579696088520498
1.478351158397292
6.260280506582886
0.2026484663666022
-0.0113891247442134
0.1127818240104719
0.3752341678431772
-0.155563337518175
4.899845767028305
-0.0193426223740784
0.1520829312288595
0.3099868810035079
-0.1343246735876103
6.522514105265757
-0.0053027750898433
2.279099642834126
7.12543478441477
-0.2016172621834808
-0.4306780227207429
0.1077820087369317
-0.2703369211232667
0.1492507132054441
6.193589911367544
0.4910600279821788
0.3591755346191043
1.27811500470033
0.1910284641002476
0.9505551734044286
0.1510782451651512
0.5264764129674782
5.1328697842891
1.1973357649114906
0.2318659606728496
5.737109170791732
-0.3141001207246354
0.0395821566925295
0.2107604104069806
5.852219681182529
0.9264989991857556
5.9240489763574775
-0.0074444473019683
0.0692976951795985
1.4639200640406185
0.2376786546896168
-0.1510765864706645
0.2239149822869153
0.9398094180232008
0.665927957230503
1.6405081808675566
0.2106305706665807
5.808972237399831
0.972115461171147
5.970737186315022
0.2271131280361198
0.3076073132931938
6.0693443370362505
0.0432917179163949
-0.0369804272885978
5.79188314272746
5.13722423595688
-0.1362103314949761
4.760741605146528
1.2505470849699227
0.3147973526580065
6.146793011985549
7.395683810789956
0.5747397728953499
0.3007985977165377
-0.1641364636703421
0.1704866669592448
5.69203847036096
-0.0957497243326954
0.3951794906543973
6.516178287114959
1.1621796408608014
0.533366020463402
-0.0841968961640526
1.3045690604535884
0.8981631249115171
0.2959888277780051
0.2950712433899104
-0.0161433160217164
0.0406927271734446
5.752974299254003
8.089538721694773
0.8164860804583388
-0.1124575058481945
0.5768216725045632
-0.187975957265471
-0.011116934182091
7.41093237974627
5.255097355193551
4.486285607387173
0.6004039966748732
-0.0077016939001414
0.0393722471738247
6.730764119066524
5.848726716346488
0.3515840260220767
-0.2765599461928672
1.085208111187744
4.53247473424756
5.612900297525599
0.6240153341305905
6.604515326355367
6.006799844559998
0.0395199209384799
5.486786433528414
5.865720837813696
0.1297419775179285
5.237275221433785
0.0258442363950455
0.1654366498072047
0.1145165562712317
-0.1400241629878346
1.030839924923986
0.6535474011020463
0.9954405016778982
7.126705136827583
-0.2860282755921265
-0.4361311066408246
0.7714518717068641
0.0094797342632828
-0.442227061801577
-0.4146780464816299
1.3076837420065268
-0.1293873555411147
0.3059100638921228
-0.3140449439780913
0.1372102919996878
0.695108547840309
1.089790890969799
-0.1534695125776099
4.742422141085384
1.7506668259777434
-0.0955314893530233
0.0945194964826086
0.2130960750130702
0.0251152906943084
7.261921500713992
1.1508959499097329
5.47396515733242
5.182911368931809
6.817889658025028
6.487872284871074
5.1338251517855
5.026453800295531
6.233216131263502
5.512771435886448
0.9279562221391924
-0.1585745664524688
0.6150133844706791
-0.2824607402670583
-0.3975137829201786
-0.0938351304209409
-0.3290797493913784
-0.2106831126347312
-0.0770164560832633
1.623871036336867
0.2475632623946923
1.7716217641360943
-0.2249284183675738
-0.2392413248161341
0.2253130059095515
7.236130721806218
2.2464997587163955
0.9821792588512582
6.638391925608383
0.3601880865821631
-0.2155489555858612
