duration,packets,bytes
259.7523314462421,12.384065476081126,4552.86252218273
489.4994426326156,40.76851882958768,7730.172821830306
595.1130697179715,47.08303847201064,8421.7378490499
535.1600984496181,47.78936503512114,8549.327439382263
378.5701002655353,36.42970799193391,9068.459796223744
230.39482548582697,20.93304561578179,4642.853108359577
225.04585938121903,15.112223776007244,5079.465844343381
139.9851796472112,18.32749382079525,4620.043751071235
29.061780346361207,174.96744308060295,2592.8520773314985
520.2991729195659,44.676931717654334,9302.943589927218
51.64879505869006,141.6979400214028,1845.3954614750685
76.34230134679731,174.96744308060295,939.0725504957028
39.075111034950346,174.96744308060295,1260.5442156129357
196.49171442706765,11.695195332420043,5343.694575306069
512.801458068223,45.01782736167545,9340.878579082952
194.6484820022721,14.823788387903129,4557.080555722255
161.35873927312142,18.81590696629996,4611.709161736717
188.2923312638332,18.8293152152541,6263.370252405914
25.80610514317785,174.96744308060295,2765.375416171849
665.9266135799978,30.80615408413577,4963.654972704404
163.64314120875656,18.762406822242475,4940.453256719963
116.5297359439314,22.71680096189968,4469.9009928433225
341.6560151699369,47.47910256117534,6712.7083691122325
32.440348264868774,166.9247858384056,1886.7605540492368
68.99108270882647,140.60408126200386,723.0394325490226
189.0164056081244,21.78556285755873,6182.315235793213
232.92721363364151,30.051022693831747,4858.44221800476
200.6500945938953,27.267670385786584,4788.274533409635
278.27620146171705,19.67124869463506,4555.840378645441
216.9248203747207,17.923560430495993,5506.225492885028
168.05191261552488,13.38455103296251,6313.612128109096
410.6780448041073,52.35811620006939,7812.922186475999
176.61493993440544,21.73251940865358,4962.463536896653
327.8547678936556,32.8084668075758,7746.643713406766
157.66031409657975,12.425763876570675,4642.788038346384
191.36863500295905,24.41829968743336,5521.858302730736
298.2362566458195,20.176317759858645,4440.219593605932
226.09707828084487,21.48492336616593,5200.3942802767015
158.38222134478855,22.35707778193202,4558.221564575223
150.51859317148313,24.70385593994108,4214.010085169352
203.0115104970513,32.316210562426434,4846.111228175102
96.3865907996339,174.96744308060295,2096.024558245016
423.4850898545593,44.72406277880377,9780.939234243158
273.8270174862948,26.900456770737257,4499.549838792376
199.0743432003805,18.55670680539931,5258.174848270472
153.65347642109586,19.702373219691,2406.986127944742
257.4636663142838,16.48411787437056,4972.00920760243
462.0928522343267,39.855477291217206,8655.54109760444
659.6533991827172,71.09918556005361,8728.067670963419
436.9772998473409,33.79152401748884,7798.227417698253
35.6635535879439,125.3385353170776,1958.6596570786503
158.0139078909612,17.00303677277989,3300.8834205521543
571.215872889983,50.35249334723753,5784.574565314288
63.558517426785386,174.96744308060295,3078.654106632752
46.59630754950143,174.96744308060295,2348.193723728358
247.70008817466007,23.25695625652899,4747.784604287724
489.25530068235616,48.10808273159782,8952.186464662656
355.7488258995244,24.158640569945103,8320.55198121378
182.56739327960705,18.25371147840785,4742.691959026094
462.7751634575957,38.94051645695864,11140.34825594234
22.56197714137287,135.45754408493036,2735.585163746804
262.78780627867604,15.52696348890248,4850.5026846709125
531.3932773743013,34.910363742925014,7969.310825369606
229.53274153461547,25.543517902914537,5656.385744957891
557.2305052352996,47.18185725707934,8526.170886571672
427.54141593099047,33.4623366135118,7285.20644714781
144.47120772670857,28.76135221711812,5748.542714517969
17.69736368188981,174.96744308060295,1632.7042116009754
209.9529847786735,16.998915614206027,5055.841667992016
54.81506358977136,174.96744308060295,2282.754822815772
50.64008298131533,169.86328518615267,2229.9860714695583
186.50625323533143,15.106181421088465,4644.565391939111
55.975058167313726,169.92835799619263,1786.8212018972283
215.39008844460287,11.449158036716872,3921.4516623154295
58.73119608315336,174.96744308060295,818.5337822290808
197.7206991822251,21.21669724661346,4807.011153714936
205.21005519759385,19.687034360502388,4396.8283289066585
306.65166873281333,10.239561002387491,4878.571923971534
106.4604039487072,18.24243257979346,5014.734703351642
243.5033865344377,22.47840943986302,5120.335124114861
303.03739624409934,28.77670421221602,4800.828681216741
227.989522396552,25.403903627773108,5667.137723639124
231.28336738825035,15.714212217918586,4143.286001551111
48.2343590329749,174.96744308060295,1598.1627160151347
258.158187607748,20.05116530509793,4214.793079161639
202.4260813972413,15.84524941794481,5216.365460623871
422.2674612366971,26.20381835211069,7247.939330492041
552.4720621223809,41.94736194718775,7977.549492264923
248.16880646221608,22.06390463468249,5657.648127995592
212.9941397124212,23.90911435888655,4010.439431297535
234.5071995855556,17.993897640570818,5179.273985448333
227.5026049512276,15.158277725681824,5084.300404916768
90.26774495053246,174.96744308060295,1817.3392243439453
169.36056547578067,18.06149220032008,5228.692312579924
173.47494261947364,17.1209087967766,4779.958642278685
40.34512955635935,161.8668556696515,2061.335157997398
